[1535, 1536, 1537]
[1427, 1428, 1429]
[1430, 1431, 1432, 1433]
[589, 738, 745]
[695, 697, 721]
[1538, 1539, 1541, 1542]
[1405, 1408, 1410, 1412, 1413]
[1422, 1423, 1424, 1425, 1426]
[583, 747, 879, 1122]
[14, 15, 16]
[739, 744, 841, 871]
[1524, 1525, 1526]
[1527, 1528, 1529, 1530, 1531, 1532, 1533, 1534]
[341, 392, 397, 592, 616, 643, 648, 775, 1078]
[865, 867, 1003]
[1228, 1325, 1338]
[1515, 1516, 1517, 1518, 1519, 1520]
[1434, 1438, 1439, 1440, 1441, 1442, 1443, 1444, 1445, 1446, 1447, 1448, 1452]
[1458, 1459, 1460, 1461]
[1479, 1480, 1481, 1482]
[1415, 1416, 1417]
[583, 747, 879, 1122]
[739, 744, 841, 871]
[1228, 1325, 1338]
[1479, 1480, 1481, 1482, 1483, 1484]
[1414, 1415, 1416, 1417]
[1510, 1511, 1512]
[1135, 1136, 1163, 1164]
[1527, 1528, 1529, 1530, 1531, 1532, 1533, 1534, 1535, 1536, 1537, 1538, 1539, 1541, 1542]
[1469, 1470, 1471]
[1434, 1435, 1438, 1439, 1440, 1441, 1442, 1443, 1444, 1445, 1446, 1447, 1448, 1452]
[17, 18, 19]
[1485, 1486, 1487, 1488]
[1142, 1144, 1156]
[573, 847, 865, 867, 1003]
[1513, 1514, 1515, 1516, 1517, 1518, 1519, 1520]
[5, 6, 8, 9]
[13, 14, 15, 16]
[1422, 1423, 1424, 1425, 1426, 1427, 1428, 1429, 1430, 1431, 1432, 1433]
[1521, 1522, 1523, 1524, 1525, 1526]
[784, 821, 868]
[589, 738, 745, 1001, 1230]
[1418, 1419, 1420]
[1497, 1498, 1499, 1500]
[1404, 1405, 1407, 1408, 1409, 1410, 1411, 1412, 1413]
[27, 28, 29]
