Inf and R1

Fusobacteriota 0.95 (71, 120, 0.5916666666666667)
Fusobacteriota 0.9 (151, 226, 0.668141592920354)
Fusobacteriota 0.85 (196, 303, 0.6468646864686468)
Cyanobacteria 0.95 (11, 17, 0.6470588235294118)
Cyanobacteria 0.9 (50, 89, 0.5617977528089888)
Cyanobacteria 0.85 (102, 176, 0.5795454545454546)
Bacteroidota 0.95 (22, 54, 0.4074074074074074)
Bacteroidota 0.9 (108, 199, 0.542713567839196)
Bacteroidota 0.85 (158, 305, 0.5180327868852459)

InfRev and R2
Fusobacteriota 0.95 (32, 120, 0.26666666666666666)
Fusobacteriota 0.9 (83, 226, 0.3672566371681416)
Fusobacteriota 0.85 (141, 303, 0.46534653465346537)
Cyanobacteria 0.95 (7, 17, 0.4117647058823529)
Cyanobacteria 0.9 (23, 89, 0.25842696629213485)
Cyanobacteria 0.85 (51, 176, 0.2897727272727273)
Bacteroidota 0.95 (14, 54, 0.25925925925925924)
Bacteroidota 0.9 (67, 199, 0.33668341708542715)
Bacteroidota 0.85 (78, 305, 0.25573770491803277)
